370000001000700005408061090000010000050090460086002030000000000694005203800149500
000689100800000029150000008403000050200005000090240801084700910500000060060410000
030500804504200010008009000790806103000005400050000007800000702000704600610300500
000013800807000020004090007030000050002340008070006004109027006080100005003800012
400000020063407100500083060008000940030900008600802030000700504005000000807510200
102030000000800904800609035305080740010070002000200300043702006600001200000000007
206000005300000060000627010007230150004060000002900870600071090080050640003000001
000803007009000300706090850020000080070600000400082579040031200502000060003020005
708000309309180200000700008270600001000200803800010000005006000100307650037000002
010003450000040002680500009070021960360000000000086730000000040023060801800059000
010000300000300051308146009900000000280050704000602900600400000000003107107805090
050046010470010890000008020001003000300000068200079030009800003160007580700100000
730000000200106400000080079000005006007001250615807003502000004080069000000400087
005007000410980037000000081001650002040020900070040006030590008000073000058000074
800040000006009040500780102903000500200038004000050290000005400050004020410200760
900002006700009500040006008004061070037000000060230401000500084803020000025008009
010004000700890051089007030070000360008540290050006000000709800040060510890000000
006001000020009810090400075300017680200050001600000050501002000800000590900075003
020807035009001006700600000360905800000004320900000000095400008001208000400006510
000004000100803907908200005807030200501009008000040500000102000000007100612300870
300500427025300008000200000600001309080600200007400000069002004008065700050000910
307402800504000036000006200103200000000500608006700300000000920005620000830900064
000304500006009070380006400510902064400000700000070000030100000600090341098003050
100060050800230009006900040000002730302005006070040200500023100700004008080070500
000050079090010503580700000002009700900670000006040032028000304047500000000084007
014002000080096210500000083409070060000050030600008700007130500005020000840000320
068053007090740260040000000432670009006000430000900000000500703300000000019062050